1.000000000000000000e+01 1.000000000000000021e-02
1.000000000000000000e+01 2.000000000000000042e-02
1.000000000000000000e+01 2.999999999999999889e-02
1.000000000000000000e+01 4.000000000000000083e-02
1.000000000000000000e+01 5.000000000000000278e-02
1.000000000000000000e+01 6.000000000000000472e-02
1.000000000000000000e+01 6.999999999999999278e-02
1.000000000000000000e+01 8.000000000000000167e-02
1.000000000000000000e+01 8.999999999999999667e-02
1.000000000000000000e+01 9.999999999999999167e-02
2.000000000000000000e+01 1.000000000000000021e-02
2.000000000000000000e+01 2.000000000000000042e-02
2.000000000000000000e+01 2.999999999999999889e-02
2.000000000000000000e+01 4.000000000000000083e-02
2.000000000000000000e+01 5.000000000000000278e-02
2.000000000000000000e+01 6.000000000000000472e-02
2.000000000000000000e+01 6.999999999999999278e-02
2.000000000000000000e+01 8.000000000000000167e-02
2.000000000000000000e+01 8.999999999999999667e-02
2.000000000000000000e+01 9.999999999999999167e-02
3.000000000000000000e+01 1.000000000000000021e-02
3.000000000000000000e+01 2.000000000000000042e-02
3.000000000000000000e+01 2.999999999999999889e-02
3.000000000000000000e+01 4.000000000000000083e-02
3.000000000000000000e+01 5.000000000000000278e-02
3.000000000000000000e+01 6.000000000000000472e-02
3.000000000000000000e+01 6.999999999999999278e-02
3.000000000000000000e+01 8.000000000000000167e-02
3.000000000000000000e+01 8.999999999999999667e-02
3.000000000000000000e+01 9.999999999999999167e-02
4.000000000000000000e+01 1.000000000000000021e-02
4.000000000000000000e+01 2.000000000000000042e-02
4.000000000000000000e+01 2.999999999999999889e-02
4.000000000000000000e+01 4.000000000000000083e-02
4.000000000000000000e+01 5.000000000000000278e-02
4.000000000000000000e+01 6.000000000000000472e-02
4.000000000000000000e+01 6.999999999999999278e-02
4.000000000000000000e+01 8.000000000000000167e-02
4.000000000000000000e+01 8.999999999999999667e-02
4.000000000000000000e+01 9.999999999999999167e-02
5.000000000000000000e+01 1.000000000000000021e-02
5.000000000000000000e+01 2.000000000000000042e-02
5.000000000000000000e+01 2.999999999999999889e-02
5.000000000000000000e+01 4.000000000000000083e-02
5.000000000000000000e+01 5.000000000000000278e-02
5.000000000000000000e+01 6.000000000000000472e-02
5.000000000000000000e+01 6.999999999999999278e-02
5.000000000000000000e+01 8.000000000000000167e-02
5.000000000000000000e+01 8.999999999999999667e-02
5.000000000000000000e+01 9.999999999999999167e-02
6.000000000000000000e+01 1.000000000000000021e-02
6.000000000000000000e+01 2.000000000000000042e-02
6.000000000000000000e+01 2.999999999999999889e-02
6.000000000000000000e+01 4.000000000000000083e-02
6.000000000000000000e+01 5.000000000000000278e-02
6.000000000000000000e+01 6.000000000000000472e-02
6.000000000000000000e+01 6.999999999999999278e-02
6.000000000000000000e+01 8.000000000000000167e-02
6.000000000000000000e+01 8.999999999999999667e-02
6.000000000000000000e+01 9.999999999999999167e-02
7.000000000000000000e+01 1.000000000000000021e-02
7.000000000000000000e+01 2.000000000000000042e-02
7.000000000000000000e+01 2.999999999999999889e-02
7.000000000000000000e+01 4.000000000000000083e-02
7.000000000000000000e+01 5.000000000000000278e-02
7.000000000000000000e+01 6.000000000000000472e-02
7.000000000000000000e+01 6.999999999999999278e-02
7.000000000000000000e+01 8.000000000000000167e-02
7.000000000000000000e+01 8.999999999999999667e-02
7.000000000000000000e+01 9.999999999999999167e-02
8.000000000000000000e+01 1.000000000000000021e-02
8.000000000000000000e+01 2.000000000000000042e-02
8.000000000000000000e+01 2.999999999999999889e-02
8.000000000000000000e+01 4.000000000000000083e-02
8.000000000000000000e+01 5.000000000000000278e-02
8.000000000000000000e+01 6.000000000000000472e-02
8.000000000000000000e+01 6.999999999999999278e-02
8.000000000000000000e+01 8.000000000000000167e-02
8.000000000000000000e+01 8.999999999999999667e-02
8.000000000000000000e+01 9.999999999999999167e-02
9.000000000000000000e+01 1.000000000000000021e-02
9.000000000000000000e+01 2.000000000000000042e-02
9.000000000000000000e+01 2.999999999999999889e-02
9.000000000000000000e+01 4.000000000000000083e-02
9.000000000000000000e+01 5.000000000000000278e-02
9.000000000000000000e+01 6.000000000000000472e-02
9.000000000000000000e+01 6.999999999999999278e-02
9.000000000000000000e+01 8.000000000000000167e-02
9.000000000000000000e+01 8.999999999999999667e-02
9.000000000000000000e+01 9.999999999999999167e-02
1.000000000000000000e+02 1.000000000000000021e-02
1.000000000000000000e+02 2.000000000000000042e-02
1.000000000000000000e+02 2.999999999999999889e-02
1.000000000000000000e+02 4.000000000000000083e-02
1.000000000000000000e+02 5.000000000000000278e-02
1.000000000000000000e+02 6.000000000000000472e-02
1.000000000000000000e+02 6.999999999999999278e-02
1.000000000000000000e+02 8.000000000000000167e-02
1.000000000000000000e+02 8.999999999999999667e-02
1.000000000000000000e+02 9.999999999999999167e-02
